38 10818
39 1719
157 1129
157 1838
168 4775
168 127
168 295
168 9410
194 1191
215 956
226 1382
257 1551
257 1396
257 2892
500 11211
500 10322
608 3165
620 3941
627 11057
686 8881
695 11073
695 10797
712 6042
786 3844
786 8794
851 4297
898 4220
898 6215
898 4004
898 1619
917 5575
917 7815
921 6307
986 3367
986 3063
986 2559
1002 4226
1071 9385
1076 7157
1110 6852
1114 6075
1114 7157
1114 817
1142 5612
1147 7304
1147 2242
1205 2407
1205 9474
1205 2762
1205 1844
1240 148
1265 1839
1287 11419
1401 5775
1413 2692
1426 86
1426 4333
1426 2414
1452 1524
1492 3600
1499 4307
1520 5569
1545 1396
1545 5628
1560 5115
1713 3073
1741 4968
1741 4099
1741 1156
1741 2305
1741 6983
1741 10757
1759 6016
1785 879
1793 698
1799 9138
1863 594
1890 3151
1890 3799
1890 1987
1913 966
1975 6134
1976 6737
1976 14
1976 21
1991 10204
1991 381
2011 3678
2111 713
2242 300
2261 186
2310 3708
2310 11546
2348 8181
2381 1527
2414 6754
2414 11719
2414 10030
2440 1551
2440 3704
2461 7909
2534 10522
2534 1663
2544 519
2544 2860
2544 669
2554 2875
2595 5353
2607 8097
2695 1806
2760 8765
2938 6559
2938 4608
2970 5216
2973 1069
2976 9130
2976 8347
2988 9182
3000 7311
3016 5297
3016 8220
3075 3144
3113 969
3122 3129
3136 1748
3163 5560
3168 10093
3170 2554
3170 8859
3254 8243
3273 2624
3355 8847
3379 3621
3403 1403
3431 2715
3525 476
3525 1755
3525 7472
3533 5577
3533 2692
3565 2747
3583 11244
3621 1544
3632 7226
3646 3469
3651 4414
3651 44
3651 6761
3651 2442
3651 1921
3670 8651
3690 4376
3690 2223
3693 2311
3705 10196
3755 9103
3768 3742
3774 1303
3801 8676
3801 3003
3820 4163
3909 44
3909 5246
3909 11026
3909 482
3950 8203
3950 8320
3951 5540
3951 1824
3951 5542
3951 1459
3951 6450
3951 2909
3982 1415
3986 730
3986 8450
4031 4909
4031 9702
4049 5400
4106 3837
4106 9803
4135 5944
4135 10892
4135 8506
4135 9971
4135 5958
4195 5353
4242 5281
4478 3726
4493 2245
4509 5670
4543 1195
4562 8619
4562 508
4615 160
4643 1031
4643 1038
4643 2264
4643 2568
4643 11060
4657 5631
4676 2400
4677 8936
4690 4291
4714 239
4739 5088
4763 2822
4920 9829
4920 3036
4949 10910
4949 2374
4960 8669
4978 5193
4998 9461
4998 557
4998 135
5000 3046
5000 11425
5007 251
5007 8005
5007 8563
5013 10431
5064 8307
5068 8859
5068 2444
5068 8378
5089 2762
5089 3207
5089 9963
5114 3722
5114 3812
5114 7311
5114 77
5114 6662
5235 11195
5239 2095
5255 6533
5281 3354
5291 2745
5291 2096
5338 2280
5366 10046
5366 3198
5366 4933
5366 8133
5403 6495
5449 825
5461 1085
5461 9056
5461 3918
5470 3530
5470 1219
5510 6839
5510 11344
5510 1308
5510 3073
5558 8262
5564 2561
5564 10214
5593 4111
5593 3049
5593 10532
5595 8262
5621 372
5621 2635
5621 79
5621 7887
5640 2487
5640 257
5640 7634
5689 8766
5758 10075
5769 713
5837 2550
5915 966
5915 1434
5915 1824
5915 3134
5921 6203
5921 5087
5921 7366
5934 9395
5957 2892
5957 396
5957 2485
5966 3726
6004 517
6162 251
6375 3670
6596 3606
6596 3398
6684 10028
6712 128
6733 4385
6733 3781
6754 7258
6754 5192
6810 965
6846 10359
6859 9278
6864 3602
6865 5575
6874 2472
7018 401
7018 3858
7018 11554
7018 5669
7018 5542
7079 2867
7152 3909
7157 1514
7216 6867
7224 1401
7341 757
7431 11410
7449 8692
7505 7630
7505 37
7515 1287
7546 9968
7556 11937
7575 11375
7607 1481
7725 1000
7725 5567
7735 11761
7735 9033
7762 7555
7784 9938
7784 1041
7784 2344
7784 11172
7784 921
7827 4355
7827 2896
7827 8943
7827 3739
7827 11164
7922 6101
7978 3932
8168 44
8194 10200
8194 10390
8214 2960
8270 8422
8309 8718
8367 1337
8406 1537
8420 3649
8420 2674
8466 7743
8466 10491
8466 831
8466 2410
8466 1551
8466 784
8466 4492
8511 5839
8529 3561
8555 3117
8555 7986
8555 821
8555 7608
8607 11344
8616 2472
8629 2374
8643 6813
8643 3382
8672 3851
8672 11023
8697 6340
8697 2563
8697 10897
8747 10004
8778 1521
8798 2220
8798 2108
8822 3354
8867 4408
8867 3302
8878 1052
8878 6895
8997 11910
9030 4117
9043 10522
9063 2561
9078 8340
9123 394
9125 4101
9143 4172
9143 4177
9212 9249
9307 7053
9308 965
9315 2899
9373 5761
9414 9968
9414 643
9424 2679
9424 797
9481 7611
9481 8158
9526 135
9559 5871
9586 7858
9612 95
9621 279
9635 1085
9681 2327
9681 4008
9707 1519
9707 9027
9707 3766
9741 2311
9741 9795
9753 5800
9800 504
9810 1807
9811 2756
9814 5269
9918 9716
9941 1192
9941 825
9941 5973
9941 2694
9941 2436
10020 3819
10020 11219
10020 1301
10037 2280
10045 416
10078 1067
10148 500
10164 1580
10164 270
10164 5246
10301 5933
10301 7999
10309 4708
10336 6566
10337 1377
10342 8447
10347 7287
10373 4177
10425 3447
10440 963
10440 1858
10446 7313
10529 4198
10529 6685
10529 10735
10529 2340
10529 6486
10529 10402
10621 5324
10621 9270
10747 2390
10747 5594
10747 7577
10747 8057
10747 9634
10747 2752
10747 3967
10803 2770
10919 251
10920 3044
10920 3255
10936 10184
10946 4289
10978 5151
11012 7490
11029 5228
11029 9978
11038 1405
11038 6319
11038 8837
11053 263
11053 8612
11075 8684
11075 9448
11075 3442
11105 8071
11129 1648
11170 4738
11170 9990
11170 2295
11170 4435
11170 4661
11185 3566
11185 9453
11185 1080
11223 1548
11223 1702
11223 6101
11224 5257
11229 3441
11232 4850
11232 5258
11232 7953
11232 365
11232 99
11232 7684
11261 8721
11263 3651
11290 10286
11290 7771
11290 2775
11297 150
11297 2718
11318 3389
11324 5008
11324 7338
11324 1616
11337 10115
11368 6798
11414 11783
11446 742
11452 10263
11463 21
11463 5468
11463 5999
11496 2137
11502 6957
11505 4422
11525 1469
11533 8265
11601 235
11601 2346
11601 9032
11624 8262
11625 1341
11636 1574
11636 1069
11671 5876
11673 6292
11703 10452
11703 3514
11762 4403
11762 2289
11775 1663
11776 11164
11776 2290
11851 6941
11851 9794
11851 3389
11852 6641
11892 54
11892 1616
11939 929
11942 6481
11942 10801
12063 3415
12074 3716
12205 9000
12210 9203
12214 374
12273 1357
12293 10833
12305 1989
12314 9184
12381 5065
12381 2830
12381 1761
12393 1357
12399 11245
12399 6530
12399 10150
12527 7764
12547 8823
12565 19
12565 7689
12568 5302
12579 3721
12703 2258
12721 866
12722 2313
12847 2471
12847 9591
12853 1630
12856 2929
12882 9549
12970 6245
12999 615
12999 2268
13037 4543
13037 7468
13037 1441
13082 5464
13104 2802
13104 394
13104 1807
13115 435
13188 9351
13296 460
13296 103
13296 11026
13318 2911
13356 8856
13468 11697
13468 1557
13499 1044
13535 2597
13535 5302
13535 10905
13535 4036
13535 6656
13543 2715
13543 868
13554 375
13554 5394
13566 2531
13598 10097
13599 11884
13599 2837
13607 5669
13607 9252
13607 528
13607 4513
13607 5499
13607 2339
13607 279
13607 6342
13678 8075
13678 11790
13678 481
13812 5686
13837 10897
13905 1991
13905 10115
13905 3807
13905 991
13922 3933
13922 6394
13923 1415
13923 3481
13923 6042
13923 5949
13928 9799
13928 7086
14044 943
14059 9642
14059 2442
14059 2120
14059 2054
14120 202
14153 4581
14179 3932
14179 5471
14179 6451
14259 2235
14385 9395
14448 321
14580 9070
14580 10625
14580 2011
14586 4377
14602 3059
14705 69
14707 7384
14707 9881
14707 1675
14707 4866
14777 4871
14777 3138
14814 10392
14814 1719
14814 1948
14814 2602
14816 7703
14898 7643
14924 5014
14947 9636
14965 5595
15038 2977
15052 6472
15052 5265
15089 2616
15089 1408
15089 60
15089 10948
15089 935
15089 9634
15089 4961
15089 58
15091 95
15091 1978
15091 3044
15101 399
15107 5539
15140 10321
15168 1080
15213 2829
15213 6448
15251 11937
15255 3606
15255 1194
15255 2095
15255 11726
15255 3130
15269 8632
15325 2426
15380 8538
15380 11073
15380 2664
15380 4638
15391 66
15395 6334
15398 11804
15425 11820
15430 9000
15479 7381
15510 4827
15528 557
15528 1807
15539 6829
15544 492
15699 3956
15710 556
15710 3197
15739 10143
15739 2364
15739 5984
15752 2645
15847 1578
15871 6345
15873 2740
15873 10090
15896 9906
15896 5639
15901 7485
15920 615
15925 6448
15956 1574
15957 1034
15957 11676
16001 4865
16118 4226
16160 1894
16175 3739
16185 7311
16241 4473
16243 7652
16287 6642
16356 2383
16356 3025
16378 2485
16384 10055
16408 1921
16408 5535
16408 2354
16408 13
16408 1873
16408 476
16408 3470
16408 4412
16410 3501
16417 3431
16450 7404
16513 11203
16524 2752
16524 9660
16524 11229
16524 4151
16543 6361
16572 2205
16572 10394
16572 659
16572 6890
16572 4739
16572 1646
16589 7516
16596 8471
16666 135
16689 11597
16694 6848
16694 5
16694 3812
16694 2374
16694 11276
16711 2235
16745 4645
16745 11259
16749 1442
16767 5543
16767 8220
16823 8712
16841 9720
16841 1147
16851 2069
16851 3211
16851 9382
16851 3978
16928 1909
16928 10637
16928 9054
16969 8528
16971 11768
16978 11937
17040 6537
17112 2931
17120 6285
17132 11279
17147 8399
17147 10826
17153 165
17164 5420
17164 10784
17172 8213
17177 2768
17219 2037
17219 7716
17240 7466
17240 7076
17250 8702
17250 8689
17252 5064
17255 628
17306 5532
17306 1475
17344 2726
17350 356
17350 1523
17368 9241
17368 1956
17374 5111
17399 4477
17413 171
17463 8331
17463 5631
17467 8593
17467 9794
17467 4190
17467 7130
17559 2280
17577 8106
17577 2264
17577 1141
17577 434
17577 7312
17577 9302
17577 7905
17615 2281
17663 4163
17680 338
17680 4248
17681 8641
17681 1094
17681 11424
17683 8262
17699 10963
17699 3814
17755 89
17815 4279
17815 11694
17843 11012
17846 11052
17846 5760
17854 10564
17854 1233
17931 2701
17935 7737
17935 2140
17935 4736
17967 2698
18005 9351
18034 6925
18092 7764
18092 11850
18143 2752
18143 8926
18195 10200
18290 2095
18295 3234
18295 7448
18295 693
18326 526
18338 11434
18338 10580
18419 1494
18438 8551
18440 6376
18460 10275
18460 3310
18460 14
18485 4581
18527 6308
18527 6720
18527 1529
18527 9432
18527 8684
18638 7953
18692 4579
18692 644
18692 2111
18692 3112
18715 228
18715 4111
18743 2840
18743 3960
18819 9049
18822 1168
18830 5266
18830 2268
18830 615
18830 6920
18834 2942
18845 1279
18847 2521
18851 44
18860 5022
18877 3200
18877 8476
18899 1756
18958 5597
19020 86
19020 10832
19033 1941
19033 7481
19033 4379
19033 5916
19033 7482
19033 1000
19088 1435
19109 122
19113 10274
19113 2436
19113 9574
19138 9475
19173 2487
19173 1807
19173 11937
19173 3974
19309 3760
19309 1036
19309 4878
19309 9752
19309 3255
19309 1034
19349 9349
19427 507
19427 5775
19427 4454
19427 10759
19427 266
19456 11082
19501 5868
19501 3087
19501 9115
19577 5482
19597 9925
19606 8445
19612 5378
19664 4623
19714 2277
19714 561
19714 1678
19770 4186
19781 5494
19798 1701
19798 3254
19798 2444
19869 6201
19885 11198
19885 7716
19985 542
19996 10237
20000 8059
20000 6501
20000 6869
20000 3901
20000 4771
20064 2532
20064 8940
20064 6740
20075 7947
20095 739
20095 702
20133 9977
20133 10405
20142 412
20142 364
20142 59
20142 3814
20147 10967
20147 5353
20157 10749
20162 6285
20162 4862
20162 690
20162 394
20229 3580
20246 5135
20285 1118
20329 1398
20329 412
20410 11367
20416 8795
20438 4580
20456 7955
20476 270
20534 8802
20534 3046
20534 2892
20534 5386
20534 4611
20534 77
20534 7887
20535 6127
20563 528
20628 3075
20651 5970
20651 5834
20651 1960
20666 2752
20666 564
20666 1548
20666 5446
20692 11775
20728 1743
20741 3255
20816 1134
20816 4002
20816 541
20826 1192
20826 10093
20826 1140
20844 10389
20844 11850
20853 10514
20895 11845
20925 1066
20925 5112
20933 5289
20945 1574
20945 3935
20945 2674
20953 7787
21021 11385
21050 2859
21055 4117
21119 6852
21375 7141
21394 2795
21394 5569
21394 9242
21432 8451
21481 9474
21481 2407
21493 4581
21568 10138
21569 6747
21569 5022
21632 1966
21667 8473
21684 272
21689 1719
21689 1901
21689 7217
21695 3689
21701 1264
21747 4220
21747 554
21822 8305
21822 1118
21850 2664
21850 2436
21850 9526
21858 1190
21869 5813
21906 5866
21906 2578
21906 6782
21906 363
21906 3750
21906 4692
21944 340
21944 7515
21944 7903
21996 5605
22016 11304
22081 2227
22081 646
22081 1318
22081 103
22148 9428
22180 7577
22203 4933
22203 3585
22269 1884
22302 3699
22302 5663
22314 1357
22314 9911
22314 8987
22314 8071
22315 11485
22328 2116
22353 4407
22385 11886
22425 6462
22433 9041
22463 1979
22466 10453
22466 578
22498 1180
22498 931
22532 799
22546 7549
22546 7281
22569 1573
22569 7722
22569 988
22570 757
22570 7255
22570 303
22600 2562
22628 5059
22715 11615
22719 6041
22776 6439
22776 6636
22776 3129
22783 4678
22783 5711
22783 935
22796 9033
22796 1840
22821 255
22821 500
22825 5548
22917 4821
22933 9120
22933 3050
22947 6276
22956 11775
22966 7522
22971 485
22971 9511
22972 3793
22993 9494
23002 11606
23002 5580
23031 2692
23031 6270
23037 1043
23040 2999
23054 5751
23057 11164
23179 988
23182 4411
23182 277
23182 4172
23182 6960
23182 917
23187 5570
23187 6432
23223 11772
23223 3644
23223 10154
23331 8021
23331 4279
23383 876
23383 6432
23437 7375
23442 5878
23442 2957
23442 3191
23461 8498
23461 7394
23475 5825
23539 7496
23590 8262
23614 4199
23622 7602
23626 7369
23635 11231
23635 10756
23672 9178
23683 7737
23684 3913
23684 107
23684 11194
23684 3738
23689 576
23727 6798
23816 10951
23831 6100
23845 590
23845 2305
23845 2308
23845 6249
23857 3285
23857 11234
23857 160
23864 6238
23917 7858
23956 6320
23958 557
23958 6334
23988 394
24125 2848
24163 2554
24163 713
24238 10771
24376 7355
24562 748
24564 202
24564 1587
24564 2531
24566 10905
24643 6192
24649 8331
24667 217
24667 9622
24667 6748
24679 186
24692 8473
24807 4226
24807 6317
24895 2308
24940 7514
24970 8593
24976 793
25016 2510
25024 11924
25038 1276
25038 5849
25038 6259
25170 782
25172 44
25272 5302
25272 11061
25272 9024
25286 1811
25357 481
25398 8686
25398 4385
25398 1674
25398 3882
25398 11719
25425 7172
25444 5433
25453 7717
25483 4557
25504 6878
25506 25
25659 1756
25682 9788
25710 11540
25710 6503
25741 3470
25751 1268
25751 6752
25751 273
25751 8169
25791 410
25826 1166
25927 7817
25927 8324
25927 1777
25927 8783
25999 8189
25999 6695
26066 412
26093 3255
26117 1650
26158 9949
26158 6792
26192 3933
26230 6415
26305 10212
26325 4814
26325 3129
26392 11358
26393 4312
26408 6420
26435 3211
26605 11046
26605 2910
26605 3672
26613 1003
26642 79
26642 11610
26642 5257
26642 1433
26642 5
26652 906
26652 7460
26652 3150
26698 1551
26729 10474
26729 2967
26861 3127
26864 1755
26864 4056
26874 2140
26884 412
26887 8416
26967 4192
26967 2635
26967 8886
26967 4171
26969 6559
26969 6600
26969 11004
26969 2281
26969 10850
26969 10005
26982 1566
26982 2902
26982 9944
26985 13
26985 997
26995 17
26995 7688
26995 9302
27006 8509
27024 716
27024 4984
27024 4487
27024 2824
27058 3005
27062 10215
27062 10046
27166 2692
27191 2090
27191 4487
27222 11039
27262 10233
27303 6546
27321 6625
27374 11947
27374 1208
27493 45
27627 625
27715 7482
27715 664
27742 3024
27751 3876
27751 2557
27760 9268
27760 10948
27846 6182
27965 10049
28005 1055
28064 2442
28064 5115
28094 7859
28094 6716
28102 5111
28102 10420
28170 492
28211 5510
28257 9111
28326 2080
28329 10214
28372 412
28372 713
28372 2346
28406 3148
28406 9155
28406 7603
28430 1551
28444 4236
28482 5923
28482 6646
28482 669
28482 3106
28544 7096
28554 5929
28554 6334
28740 2280
28816 2587
28848 9863
28880 9305
28880 3468
28883 1104
28883 9534
28944 11040
28944 2909
28944 3039
29009 11058
29009 11590
29009 8404
29058 6822
29068 2111
29090 4851
29090 2305
29090 9642
29090 5128
29090 1323
29090 11370
29090 2731
29090 575
29090 854
29090 6595
29106 5381
29106 3759
29132 3915
29183 3454
29280 11416
29405 2673
29405 3917
29405 11602
29405 2675
29405 919
29416 6629
29461 2065
29474 135
29474 8775
29496 3853
29496 2454
29496 3941
29508 951
29549 412
29549 10200
29549 9111
29549 807
29576 2476
29585 9107
29589 10148
29617 6422
29698 11287
29714 5938
29720 8585
29720 2523
29720 5232
29788 9920
29788 5813
29788 5866
29791 11803
29791 9792
29832 587
29848 821
29860 7662
29860 4671
29896 10459
29965 9432
29965 4048
30018 9663
30018 170
30032 7501
30032 5204
30032 7679
30032 4177
30047 9068
30123 7151
30126 5302
30148 9387
30148 700
30179 7717
30179 7425
30179 1347
30191 2441
30191 11930
30191 182
30191 4004
30220 11834
30220 1077
30306 4029
30315 4050
30329 5700
30329 178
30348 998
30373 1278
30402 2622
30439 4810
30529 589
30539 6043
30539 8554
30544 1116
30606 9361
30640 4117
30686 1118
30695 2110
30695 11322
30744 712
30763 2250
30783 463
30786 14
30904 8550
30914 3076
30914 3415
30938 2892
30938 5269
30945 2062
30955 6912
30955 5977
30981 1513
31003 7635
31003 3853
31030 5415
31030 716
31030 4583
31076 6541
31101 1695
31101 3988
31174 1433
31212 61
31217 3519
31249 1300
31249 3044
31249 9230
31250 4408
31268 276
31268 2168
31390 6451
31390 482
31390 5522
31415 6249
31493 2122
31545 1978
31545 5825
31586 6004
31614 9810
31665 8928
31665 2791
31667 2615
31750 5940
31757 2715
31807 2762
31824 6473
31918 1250
31977 7861
32033 11161
32033 634
32033 4220
32066 7993
32119 5065
32151 2033
32209 1269
32213 7794
32236 7622
32256 3390
32256 8783
32257 979
32320 5589
32320 2300
32320 9954
32320 7491
32320 6955
32361 5578
32380 6788
32399 815
32399 6083
32493 1626
32493 9576
32493 3737
32554 8390
32554 5548
32558 1147
32584 4871
32584 3924
32648 1341
32656 10846
32691 839
32698 8734
32734 3759
32745 8396
32745 6160
32745 10451
32787 5118
32787 11921
32795 9991
32821 4785
32845 8924
32883 1282
32904 5094
32909 11737
32909 386
32909 7461
32909 5035
32919 7571
32919 8950
32921 2418
32921 6589
32942 1104
32979 1956
32979 828
32979 10721
32982 11140
33132 7577
33139 1519
33213 1168
33255 4357
33255 11004
33255 8060
33266 9498
33271 6122
33271 13
33279 733
33279 4193
33279 10505
33321 2715
33321 2752
33321 10
33355 6334
33355 708
33355 9547
33404 3414
33407 4504
33444 3814
33448 3875
33473 11381
33473 79
33508 7599
33508 1533
33563 254
33579 11597
33608 5450
33608 2034
33724 8953
33751 3564
33804 2506
33804 11808
33804 10559
33804 7299
33816 1293
33834 6678
33834 1020
33834 4333
33834 9670
33834 10531
33835 658
33876 7715
33876 6810
33876 8604
33943 3389
33990 8079
34077 7742
34106 7577
34106 1979
34132 3760
34189 4485
34310 3275
34310 239
34310 1687
34310 1755
34310 326
34315 10871
34348 2604
34348 7950
34382 5903
34386 2762
34391 3451
34410 9599
34410 11069
34433 733
34437 394
34467 5067
34474 1692
34474 11888
34509 2838
34527 3739
34527 8270
34527 2554
34585 7909
34656 273
34656 1580
34671 3474
34671 1160
34681 3068
34697 2752
34699 5118
34793 7442
34793 1874
34794 5694
34852 9954
34852 7611
34852 3978
34865 215
34900 965
34926 9823
34997 2211
35005 978
35008 2762
35008 5577
35025 5978
35025 6152
35044 3357
35045 401
35072 2531
35072 96
35133 6106
35155 7088
35163 3685
35163 2931
35163 6312
35282 9192
35282 2411
35308 2133
35433 412
35445 10771
35486 2923
35498 2775
35514 6334
35516 1533
35607 6944
35628 11614
35653 2209
35679 713
35692 1787
35728 6294
35783 991
35821 9497
35878 5245
35878 523
35878 8326
35878 1757
35878 209
35883 4909
35910 336
35932 1862
35932 5475
35932 7555
35951 14
35960 3354
36097 9906
36166 1505
36230 695
36255 6236
36275 2693
36309 9247
36319 2242
36319 5236
36324 2895
36362 8937
36490 7220
36508 2379
36512 2531
36557 1695
36569 8985
36569 5717
36569 11787
36613 2648
36625 8834
36633 4245
36693 2547
36693 7977
36777 103
36788 1673
36788 1727
36788 1465
36789 345
36837 315
36894 10150
36894 8057
36907 2829
36907 11211
36907 8675
36985 5501
36986 9150
36998 5089
37044 5446
37044 7954
37044 10115
37044 3841
37109 2250
37164 2903
37164 5471
37175 1860
37175 8939
37175 6742
37175 625
37175 2732
37215 39
37215 399
37222 4878
37276 4772
37299 5022
37299 10322
37299 2892
37299 3092
37342 4419
37352 2855
37383 6765
37406 4451
37462 10280
37467 3819
37467 10482
37549 5075
37638 4866
37638 7756
37638 5324
37666 2450
37666 4951
37724 476
37724 4862
37740 1405
37754 7391
37754 6447
37755 2936
37765 2954
37821 1549
37821 7759
37821 5398
37876 321
37876 1201
37876 2376
37883 3331
37899 5831
37899 4079
37926 11490
37981 1896
38040 2204
38040 783
38040 8459
38043 229
38050 1125
38051 6498
38079 3882
38079 6922
38079 7091
38079 8126
38087 3512
38194 7646
38204 10396
38204 9748
38204 8669
38233 3134
38238 2095
38238 10900
38238 6993
38238 2274
38252 7006
38252 4158
38308 1233
38420 3218
38441 11229
38456 7504
38527 374
38527 2911
38548 2327
38576 6654
38576 5035
38585 402
38585 3795
38590 4220
38590 3589
38590 2768
38707 6359
38756 3561
38825 11211
38825 10146
38825 11023
38848 7042
38870 9854
38933 5382
38961 2297
38965 3043
38973 7348
38973 6996
38973 1782
39013 7622
39014 5235
39123 5594
39123 6657
39124 5915
39235 3461
39244 4357
39263 5143
39264 1650
39276 8368
39284 5551
39301 8326
39424 6440
39424 7083
39424 2018
39424 364
39424 5494
39426 300
39483 890
39483 2670
39483 2656
39509 7850
39522 2350
39559 10829
39559 9133
39590 812
39655 4333
39655 8299
39663 2703
39697 1041
39697 10965
39700 2285
39700 3812
39768 6203
39820 8752
39820 11084
39842 2844
39842 2490
39928 3025
39995 2011
39995 7890
39995 6590
40000 11605
40003 1978
40003 3092
40003 8399
40003 9897
40010 5270
40012 5118
40012 1016
40029 4566
40059 11415
40135 1782
40166 4910
40166 2705
40166 8578
40166 10942
40169 2169
40169 6023
40170 7717
40200 9422
40200 1599
40253 1650
40266 9829
40306 862
40335 713
40340 169
40346 535
40346 6547
40346 1401
40475 719
40480 917
40487 5589
40594 11397
40629 7904
40639 7747
40689 2209
40696 11205
40748 5232
40748 1979
40795 5694
40832 7359
40846 3322
40849 9895
40849 4066
40849 5815
40849 8030
40849 5064
40856 3852
40884 4435
40919 4514
40931 3233
40951 622
40973 5715
40996 633
40999 14
41065 477
41065 9189
41105 1433
41105 10567
41105 8542
41105 8252
41117 6388
41118 1433
41118 3031
41118 10505
41135 8107
41135 135
41135 4309
41138 969
41152 4117
41195 3783
41200 6638
41200 741
41200 2818
41200 11099
41200 2825
41200 4177
41204 6375
41221 4588
41227 4098
41227 3125
41227 5550
41243 7353
41367 174
41403 6458
41409 2202
41425 6407
41425 3739
41430 4050
41459 2412
41459 6203
41459 2633
41493 9529
41520 713
41581 2514
41585 9920
41596 135
41644 855
41645 2994
41719 412
41719 3453
41719 4866
